{
    "num_reads": 11511,
    "bases_covered": 228489,
    "avg_depth": 5.000043437090063,
    "var_depth": 5.082243784437486,
    "num_islands": 360
}
